{
    "color": {
        "a": 1.0,
        "b": 0.3336121439933777,
        "g": 0.9074074029922485,
        "r": 0.24533607065677643
    },
    "diffuse_intensity": 1.0,
    "roughness": 0.42500001192092896,
    "shininess": 1.0,
    "specular_intensity": 0.0
}