{
    "color": {
        "a": 1.0,
        "b": 1.0,
        "g": 1.0,
        "r": 1.0
    },
    "diffuse_intensity": 0.3930000066757202,
    "roughness": 0.5,
    "shininess": 0.5,
    "specular_intensity": 0.41100001335144043
}