{
    "color": {
        "a": 1.0,
        "b": 0.35555553436279297,
        "g": 0.35555553436279297,
        "r": 0.35555553436279297
    },
    "diffuse_intensity": 0.6340000033378601,
    "roughness": 0.5,
    "shininess": 0.5,
    "specular_intensity": 0.41100001335144043
}