{
    "color": {
        "a": 1.0,
        "b": 0.25427985191345215,
        "g": 0.3756927251815796,
        "r": 0.6185185313224792
    },
    "diffuse_intensity": 0.43799999356269836,
    "roughness": 0.0,
    "shininess": 0.0,
    "specular_intensity": 0.0
}