{
    "color": {
        "a": 1.0,
        "b": 0.5559845566749573,
        "g": 0.6897034645080566,
        "r": 1.0
    },
    "diffuse_intensity": 0.5419999957084656,
    "roughness": 0.6039999723434448,
    "shininess": 0.0,
    "specular_intensity": 0.0
}