{
    "color": {
        "a": 1.0,
        "b": 0.2958363890647888,
        "g": 0.2958363890647888,
        "r": 0.4054054021835327
    },
    "diffuse_intensity": 0.6790000200271606,
    "roughness": 1.0,
    "shininess": 0.5,
    "specular_intensity": 1.0
}