{
    "color": {
        "a": 1.0,
        "b": 0.0,
        "g": 0.7065637111663818,
        "r": 0.3164532482624054
    },
    "diffuse_intensity": 0.32100000977516174,
    "roughness": 0.017000000923871994,
    "shininess": 0.0,
    "specular_intensity": 0.0
}