{
    "color": {
        "a": 1.0,
        "b": 0.5559845566749573,
        "g": 0.6897034645080566,
        "r": 1.0
    },
    "diffuse_intensity": 0.6710000038146973,
    "roughness": 1.0,
    "shininess": 0.9959999918937683,
    "specular_intensity": 1.0
}