{
    "color": {
        "a": 1.0,
        "b": 0.0,
        "g": 0.5328183174133301,
        "r": 1.0
    },
    "diffuse_intensity": 0.6669999957084656,
    "roughness": 100.0,
    "shininess": 0.0,
    "specular_intensity": 3.2049999237060547
}