{
    "color": {
        "a": 1.0,
        "b": 0.0,
        "g": 0.0,
        "r": 0.0
    },
    "diffuse_intensity": 0.6169999837875366,
    "roughness": 1.0,
    "shininess": 0.9959999918937683,
    "specular_intensity": 1.0
}