{
    "color": {
        "a": 1.0,
        "b": 1.0,
        "g": 1.0,
        "r": 1.0
    },
    "diffuse_intensity": 0.75,
    "roughness": 0.6790000200271606,
    "shininess": 0.593999981880188,
    "specular_intensity": 0.4560000002384186
}