{
    "color": {
        "a": 1.0,
        "b": 0.23814496397972107,
        "g": 0.42804959416389465,
        "r": 0.8687258958816528
    },
    "diffuse_intensity": 0.43799999356269836,
    "roughness": 1.0,
    "shininess": 0.0,
    "specular_intensity": 0.0
}