{
    "color": {
        "a": 1.0,
        "b": 1.0,
        "g": 1.0,
        "r": 1.0
    },
    "diffuse_intensity": 0.32100000977516174,
    "roughness": 0.017000000923871994,
    "shininess": 0.0,
    "specular_intensity": 0.0
}