{
    "color": {
        "a": 1.0,
        "b": 0.9125683903694153,
        "g": 1.0,
        "r": 0.9111968874931335
    },
    "diffuse_intensity": 0.5379999876022339,
    "roughness": 1.0,
    "shininess": 0.0,
    "specular_intensity": 0.0
}