{
    "color": {
        "a": 1.0,
        "b": 0.0,
        "g": 0.9034749269485474,
        "r": 1.0
    },
    "diffuse_intensity": 0.5139999985694885,
    "roughness": 0.5,
    "shininess": 0.0,
    "specular_intensity": 0.0
}