{
    "color": {
        "a": 1.0,
        "b": 1.0,
        "g": 1.0,
        "r": 1.0
    },
    "diffuse_intensity": 0.8330000042915344,
    "roughness": 1.0,
    "shininess": 0.8709999918937683,
    "specular_intensity": 1.0
}