{
    "color": {
        "a": 1.0,
        "b": 0.4980247914791107,
        "g": 0.7099416255950928,
        "r": 0.8957529067993164
    },
    "diffuse_intensity": 0.5220000147819519,
    "roughness": 1.0,
    "shininess": 0.28600001335144043,
    "specular_intensity": 0.2630000114440918
}