{
    "color": {
        "a": 1.0,
        "b": 0.14476528763771057,
        "g": 0.96138995885849,
        "r": 0.6429378986358643
    },
    "diffuse_intensity": 0.32100000977516174,
    "roughness": 0.017000000923871994,
    "shininess": 0.0,
    "specular_intensity": 0.0
}