{
    "color": {
        "a": 1.0,
        "b": 0.0,
        "g": 0.80694979429245,
        "r": 0.23055706918239594
    },
    "diffuse_intensity": 0.5,
    "roughness": 0.5,
    "shininess": 0.5,
    "specular_intensity": 0.5
}