{
    "color": {
        "a": 1.0,
        "b": 0.18438901007175446,
        "g": 0.48714521527290344,
        "r": 0.837837815284729
    },
    "diffuse_intensity": 0.5,
    "roughness": 0.5,
    "shininess": 0.5,
    "specular_intensity": 0.5
}