{
    "color": {
        "a": 1.0,
        "b": 0.6164040565490723,
        "g": 0.6164040565490723,
        "r": 0.8918918967247009
    },
    "diffuse_intensity": 0.5379999876022339,
    "roughness": 1.0,
    "shininess": 0.0,
    "specular_intensity": 0.0
}