{
    "color": {
        "a": 1.0,
        "b": 0.0,
        "g": 0.5328183174133301,
        "r": 1.0
    },
    "diffuse_intensity": 0.5220000147819519,
    "roughness": 1.0,
    "shininess": 0.0,
    "specular_intensity": 0.2630000114440918
}