{
    "color": {
        "a": 1.0,
        "b": 0.4980247914791107,
        "g": 0.7099416255950928,
        "r": 0.8957529067993164
    },
    "diffuse_intensity": 0.5529999732971191,
    "roughness": 1.0,
    "shininess": 0.0,
    "specular_intensity": 1.0
}